-31   -31   198566
-31   -30   198566
-31   -29   198566
-31   -28   198566
-31   -27   198566
-31   -26   198566
-31   -25   198566
-31   -24   198566
-31   -23   189453
-31   -22   189453
-31   -21   189453
-31   -20   189453
-31   -19   189453
-31   -18   189453
-31   -17   189453
-31   -16   189453
-31   -15   189453
-31   -14   189453
-31   -13   189453
-31   -12   189453
-31   -11   189453
-31   -10   189453
-31   -9   189453
-31   -8   189453
-31   -7   182175
-31   -6   182175
-31   -5   182175
-31   -4   182175
-31   -3   182175
-31   -2   182175
-31   -1   182175
-31   0   182175
-31   1   182175
-31   2   182175
-31   3   182175
-31   4   182175
-31   5   182175
-31   6   182175
-31   7   182175
-31   8   197261
-31   9   197261
-31   10   197261
-31   11   197261
-31   12   197261
-31   13   197261
-31   14   197261
-31   15   197261
-31   16   197261
-31   17   197261
-31   18   197261
-31   19   197261
-31   20   197261
-31   21   197261
-31   22   197261
-31   23   197261
-31   24   212328
-31   25   212328
-31   26   212328
-31   27   212328
-31   28   212328
-31   29   212328
-31   30   212328
-31   31   212328
-30   -31   198566
-30   -30   198566
-30   -29   198566
-30   -28   198566
-30   -27   198566
-30   -26   198566
-30   -25   198566
-30   -24   198566
-30   -23   189453
-30   -22   189453
-30   -21   189453
-30   -20   189453
-30   -19   189453
-30   -18   189453
-30   -17   189453
-30   -16   189453
-30   -15   189453
-30   -14   189453
-30   -13   189453
-30   -12   189453
-30   -11   189453
-30   -10   189453
-30   -9   189453
-30   -8   189453
-30   -7   182175
-30   -6   182175
-30   -5   182175
-30   -4   182175
-30   -3   182175
-30   -2   182175
-30   -1   182175
-30   0   182175
-30   1   182175
-30   2   182175
-30   3   182175
-30   4   182175
-30   5   182175
-30   6   182175
-30   7   182175
-30   8   197261
-30   9   197261
-30   10   197261
-30   11   197261
-30   12   197261
-30   13   197261
-30   14   197261
-30   15   197261
-30   16   197261
-30   17   197261
-30   18   197261
-30   19   197261
-30   20   197261
-30   21   197261
-30   22   197261
-30   23   197261
-30   24   212328
-30   25   212328
-30   26   212328
-30   27   212328
-30   28   212328
-30   29   212328
-30   30   212328
-30   31   212328
-29   -31   198566
-29   -30   198566
-29   -29   198566
-29   -28   198566
-29   -27   198566
-29   -26   198566
-29   -25   198566
-29   -24   198566
-29   -23   189453
-29   -22   189453
-29   -21   189453
-29   -20   189453
-29   -19   189453
-29   -18   189453
-29   -17   189453
-29   -16   189453
-29   -15   189453
-29   -14   189453
-29   -13   189453
-29   -12   189453
-29   -11   189453
-29   -10   189453
-29   -9   189453
-29   -8   189453
-29   -7   182175
-29   -6   182175
-29   -5   182175
-29   -4   182175
-29   -3   182175
-29   -2   182175
-29   -1   182175
-29   0   182175
-29   1   182175
-29   2   182175
-29   3   182175
-29   4   182175
-29   5   182175
-29   6   182175
-29   7   182175
-29   8   197261
-29   9   197261
-29   10   197261
-29   11   197261
-29   12   197261
-29   13   197261
-29   14   197261
-29   15   197261
-29   16   197261
-29   17   197261
-29   18   197261
-29   19   197261
-29   20   197261
-29   21   197261
-29   22   197261
-29   23   197261
-29   24   212328
-29   25   212328
-29   26   212328
-29   27   212328
-29   28   212328
-29   29   212328
-29   30   212328
-29   31   212328
-28   -31   198566
-28   -30   198566
-28   -29   198566
-28   -28   198566
-28   -27   198566
-28   -26   198566
-28   -25   198566
-28   -24   198566
-28   -23   189453
-28   -22   189453
-28   -21   189453
-28   -20   189453
-28   -19   189453
-28   -18   189453
-28   -17   189453
-28   -16   189453
-28   -15   189453
-28   -14   189453
-28   -13   189453
-28   -12   189453
-28   -11   189453
-28   -10   189453
-28   -9   189453
-28   -8   189453
-28   -7   182175
-28   -6   182175
-28   -5   182175
-28   -4   182175
-28   -3   182175
-28   -2   182175
-28   -1   182175
-28   0   182175
-28   1   182175
-28   2   182175
-28   3   182175
-28   4   182175
-28   5   182175
-28   6   182175
-28   7   182175
-28   8   197261
-28   9   197261
-28   10   197261
-28   11   197261
-28   12   197261
-28   13   197261
-28   14   197261
-28   15   197261
-28   16   197261
-28   17   197261
-28   18   197261
-28   19   197261
-28   20   197261
-28   21   197261
-28   22   197261
-28   23   197261
-28   24   212328
-28   25   212328
-28   26   212328
-28   27   212328
-28   28   212328
-28   29   212328
-28   30   212328
-28   31   212328
-27   -31   198566
-27   -30   198566
-27   -29   198566
-27   -28   198566
-27   -27   198566
-27   -26   198566
-27   -25   198566
-27   -24   198566
-27   -23   189453
-27   -22   189453
-27   -21   189453
-27   -20   189453
-27   -19   189453
-27   -18   189453
-27   -17   189453
-27   -16   189453
-27   -15   189453
-27   -14   189453
-27   -13   189453
-27   -12   189453
-27   -11   189453
-27   -10   189453
-27   -9   189453
-27   -8   189453
-27   -7   182175
-27   -6   182175
-27   -5   182175
-27   -4   182175
-27   -3   182175
-27   -2   182175
-27   -1   182175
-27   0   182175
-27   1   182175
-27   2   182175
-27   3   182175
-27   4   182175
-27   5   182175
-27   6   182175
-27   7   182175
-27   8   197261
-27   9   197261
-27   10   197261
-27   11   197261
-27   12   197261
-27   13   197261
-27   14   197261
-27   15   197261
-27   16   197261
-27   17   197261
-27   18   197261
-27   19   197261
-27   20   197261
-27   21   197261
-27   22   197261
-27   23   197261
-27   24   212328
-27   25   212328
-27   26   212328
-27   27   212328
-27   28   212328
-27   29   212328
-27   30   212328
-27   31   212328
-26   -31   198566
-26   -30   198566
-26   -29   198566
-26   -28   198566
-26   -27   198566
-26   -26   198566
-26   -25   198566
-26   -24   198566
-26   -23   189453
-26   -22   189453
-26   -21   189453
-26   -20   189453
-26   -19   189453
-26   -18   189453
-26   -17   189453
-26   -16   189453
-26   -15   189453
-26   -14   189453
-26   -13   189453
-26   -12   189453
-26   -11   189453
-26   -10   189453
-26   -9   189453
-26   -8   189453
-26   -7   182175
-26   -6   182175
-26   -5   182175
-26   -4   182175
-26   -3   182175
-26   -2   182175
-26   -1   182175
-26   0   182175
-26   1   182175
-26   2   182175
-26   3   182175
-26   4   182175
-26   5   182175
-26   6   182175
-26   7   182175
-26   8   197261
-26   9   197261
-26   10   197261
-26   11   197261
-26   12   197261
-26   13   197261
-26   14   197261
-26   15   197261
-26   16   197261
-26   17   197261
-26   18   197261
-26   19   197261
-26   20   197261
-26   21   197261
-26   22   197261
-26   23   197261
-26   24   212328
-26   25   212328
-26   26   212328
-26   27   212328
-26   28   212328
-26   29   212328
-26   30   212328
-26   31   212328
-25   -31   198566
-25   -30   198566
-25   -29   198566
-25   -28   198566
-25   -27   198566
-25   -26   198566
-25   -25   198566
-25   -24   198566
-25   -23   189453
-25   -22   189453
-25   -21   189453
-25   -20   189453
-25   -19   189453
-25   -18   189453
-25   -17   189453
-25   -16   189453
-25   -15   189453
-25   -14   189453
-25   -13   189453
-25   -12   189453
-25   -11   189453
-25   -10   189453
-25   -9   189453
-25   -8   189453
-25   -7   182175
-25   -6   182175
-25   -5   182175
-25   -4   182175
-25   -3   182175
-25   -2   182175
-25   -1   182175
-25   0   182175
-25   1   182175
-25   2   182175
-25   3   182175
-25   4   182175
-25   5   182175
-25   6   182175
-25   7   182175
-25   8   197261
-25   9   197261
-25   10   197261
-25   11   197261
-25   12   197261
-25   13   197261
-25   14   197261
-25   15   197261
-25   16   197261
-25   17   197261
-25   18   197261
-25   19   197261
-25   20   197261
-25   21   197261
-25   22   197261
-25   23   197261
-25   24   212328
-25   25   212328
-25   26   212328
-25   27   212328
-25   28   212328
-25   29   212328
-25   30   212328
-25   31   212328
-24   -31   198566
-24   -30   198566
-24   -29   198566
-24   -28   198566
-24   -27   198566
-24   -26   198566
-24   -25   198566
-24   -24   198566
-24   -23   189453
-24   -22   189453
-24   -21   189453
-24   -20   189453
-24   -19   189453
-24   -18   189453
-24   -17   189453
-24   -16   189453
-24   -15   189453
-24   -14   189453
-24   -13   189453
-24   -12   189453
-24   -11   189453
-24   -10   189453
-24   -9   189453
-24   -8   189453
-24   -7   182175
-24   -6   182175
-24   -5   182175
-24   -4   182175
-24   -3   182175
-24   -2   182175
-24   -1   182175
-24   0   182175
-24   1   182175
-24   2   182175
-24   3   182175
-24   4   182175
-24   5   182175
-24   6   182175
-24   7   182175
-24   8   197261
-24   9   197261
-24   10   197261
-24   11   197261
-24   12   197261
-24   13   197261
-24   14   197261
-24   15   197261
-24   16   197261
-24   17   197261
-24   18   197261
-24   19   197261
-24   20   197261
-24   21   197261
-24   22   197261
-24   23   197261
-24   24   212328
-24   25   212328
-24   26   212328
-24   27   212328
-24   28   212328
-24   29   212328
-24   30   212328
-24   31   212328
-23   -31   180283
-23   -30   180283
-23   -29   180283
-23   -28   180283
-23   -27   180283
-23   -26   180283
-23   -25   180283
-23   -24   180283
-23   -23   177128
-23   -22   177128
-23   -21   177128
-23   -20   177128
-23   -19   177128
-23   -18   177128
-23   -17   177128
-23   -16   177128
-23   -15   177128
-23   -14   177128
-23   -13   177128
-23   -12   177128
-23   -11   177128
-23   -10   177128
-23   -9   177128
-23   -8   177128
-23   -7   164373
-23   -6   164373
-23   -5   164373
-23   -4   164373
-23   -3   164373
-23   -2   164373
-23   -1   164373
-23   0   164373
-23   1   164373
-23   2   164373
-23   3   164373
-23   4   164373
-23   5   164373
-23   6   164373
-23   7   164373
-23   8   182239
-23   9   182239
-23   10   182239
-23   11   182239
-23   12   182239
-23   13   182239
-23   14   182239
-23   15   182239
-23   16   182239
-23   17   182239
-23   18   182239
-23   19   182239
-23   20   182239
-23   21   182239
-23   22   182239
-23   23   182239
-23   24   195032
-23   25   195032
-23   26   195032
-23   27   195032
-23   28   195032
-23   29   195032
-23   30   195032
-23   31   195032
-22   -31   180283
-22   -30   180283
-22   -29   180283
-22   -28   180283
-22   -27   180283
-22   -26   180283
-22   -25   180283
-22   -24   180283
-22   -23   177128
-22   -22   177128
-22   -21   177128
-22   -20   177128
-22   -19   177128
-22   -18   177128
-22   -17   177128
-22   -16   177128
-22   -15   177128
-22   -14   177128
-22   -13   177128
-22   -12   177128
-22   -11   177128
-22   -10   177128
-22   -9   177128
-22   -8   177128
-22   -7   164373
-22   -6   164373
-22   -5   164373
-22   -4   164373
-22   -3   164373
-22   -2   164373
-22   -1   164373
-22   0   164373
-22   1   164373
-22   2   164373
-22   3   164373
-22   4   164373
-22   5   164373
-22   6   164373
-22   7   164373
-22   8   182239
-22   9   182239
-22   10   182239
-22   11   182239
-22   12   182239
-22   13   182239
-22   14   182239
-22   15   182239
-22   16   182239
-22   17   182239
-22   18   182239
-22   19   182239
-22   20   182239
-22   21   182239
-22   22   182239
-22   23   182239
-22   24   195032
-22   25   195032
-22   26   195032
-22   27   195032
-22   28   195032
-22   29   195032
-22   30   195032
-22   31   195032
-21   -31   180283
-21   -30   180283
-21   -29   180283
-21   -28   180283
-21   -27   180283
-21   -26   180283
-21   -25   180283
-21   -24   180283
-21   -23   177128
-21   -22   177128
-21   -21   177128
-21   -20   177128
-21   -19   177128
-21   -18   177128
-21   -17   177128
-21   -16   177128
-21   -15   177128
-21   -14   177128
-21   -13   177128
-21   -12   177128
-21   -11   177128
-21   -10   177128
-21   -9   177128
-21   -8   177128
-21   -7   164373
-21   -6   164373
-21   -5   164373
-21   -4   164373
-21   -3   164373
-21   -2   164373
-21   -1   164373
-21   0   164373
-21   1   164373
-21   2   164373
-21   3   164373
-21   4   164373
-21   5   164373
-21   6   164373
-21   7   164373
-21   8   182239
-21   9   182239
-21   10   182239
-21   11   182239
-21   12   182239
-21   13   182239
-21   14   182239
-21   15   182239
-21   16   182239
-21   17   182239
-21   18   182239
-21   19   182239
-21   20   182239
-21   21   182239
-21   22   182239
-21   23   182239
-21   24   195032
-21   25   195032
-21   26   195032
-21   27   195032
-21   28   195032
-21   29   195032
-21   30   195032
-21   31   195032
-20   -31   180283
-20   -30   180283
-20   -29   180283
-20   -28   180283
-20   -27   180283
-20   -26   180283
-20   -25   180283
-20   -24   180283
-20   -23   177128
-20   -22   177128
-20   -21   177128
-20   -20   177128
-20   -19   177128
-20   -18   177128
-20   -17   177128
-20   -16   177128
-20   -15   177128
-20   -14   177128
-20   -13   177128
-20   -12   177128
-20   -11   177128
-20   -10   177128
-20   -9   177128
-20   -8   177128
-20   -7   164373
-20   -6   164373
-20   -5   164373
-20   -4   164373
-20   -3   164373
-20   -2   164373
-20   -1   164373
-20   0   164373
-20   1   164373
-20   2   164373
-20   3   164373
-20   4   164373
-20   5   164373
-20   6   164373
-20   7   164373
-20   8   182239
-20   9   182239
-20   10   182239
-20   11   182239
-20   12   182239
-20   13   182239
-20   14   182239
-20   15   182239
-20   16   182239
-20   17   182239
-20   18   182239
-20   19   182239
-20   20   182239
-20   21   182239
-20   22   182239
-20   23   182239
-20   24   195032
-20   25   195032
-20   26   195032
-20   27   195032
-20   28   195032
-20   29   195032
-20   30   195032
-20   31   195032
-19   -31   180283
-19   -30   180283
-19   -29   180283
-19   -28   180283
-19   -27   180283
-19   -26   180283
-19   -25   180283
-19   -24   180283
-19   -23   177128
-19   -22   177128
-19   -21   177128
-19   -20   177128
-19   -19   177128
-19   -18   177128
-19   -17   177128
-19   -16   177128
-19   -15   177128
-19   -14   177128
-19   -13   177128
-19   -12   177128
-19   -11   177128
-19   -10   177128
-19   -9   177128
-19   -8   177128
-19   -7   164373
-19   -6   164373
-19   -5   164373
-19   -4   164373
-19   -3   164373
-19   -2   164373
-19   -1   164373
-19   0   164373
-19   1   164373
-19   2   164373
-19   3   164373
-19   4   164373
-19   5   164373
-19   6   164373
-19   7   164373
-19   8   182239
-19   9   182239
-19   10   182239
-19   11   182239
-19   12   182239
-19   13   182239
-19   14   182239
-19   15   182239
-19   16   182239
-19   17   182239
-19   18   182239
-19   19   182239
-19   20   182239
-19   21   182239
-19   22   182239
-19   23   182239
-19   24   195032
-19   25   195032
-19   26   195032
-19   27   195032
-19   28   195032
-19   29   195032
-19   30   195032
-19   31   195032
-18   -31   180283
-18   -30   180283
-18   -29   180283
-18   -28   180283
-18   -27   180283
-18   -26   180283
-18   -25   180283
-18   -24   180283
-18   -23   177128
-18   -22   177128
-18   -21   177128
-18   -20   177128
-18   -19   177128
-18   -18   177128
-18   -17   177128
-18   -16   177128
-18   -15   177128
-18   -14   177128
-18   -13   177128
-18   -12   177128
-18   -11   177128
-18   -10   177128
-18   -9   177128
-18   -8   177128
-18   -7   164373
-18   -6   164373
-18   -5   164373
-18   -4   164373
-18   -3   164373
-18   -2   164373
-18   -1   164373
-18   0   164373
-18   1   164373
-18   2   164373
-18   3   164373
-18   4   164373
-18   5   164373
-18   6   164373
-18   7   164373
-18   8   182239
-18   9   182239
-18   10   182239
-18   11   182239
-18   12   182239
-18   13   182239
-18   14   182239
-18   15   182239
-18   16   182239
-18   17   182239
-18   18   182239
-18   19   182239
-18   20   182239
-18   21   182239
-18   22   182239
-18   23   182239
-18   24   195032
-18   25   195032
-18   26   195032
-18   27   195032
-18   28   195032
-18   29   195032
-18   30   195032
-18   31   195032
-17   -31   180283
-17   -30   180283
-17   -29   180283
-17   -28   180283
-17   -27   180283
-17   -26   180283
-17   -25   180283
-17   -24   180283
-17   -23   177128
-17   -22   177128
-17   -21   177128
-17   -20   177128
-17   -19   177128
-17   -18   177128
-17   -17   177128
-17   -16   177128
-17   -15   177128
-17   -14   177128
-17   -13   177128
-17   -12   177128
-17   -11   177128
-17   -10   177128
-17   -9   177128
-17   -8   177128
-17   -7   164373
-17   -6   164373
-17   -5   164373
-17   -4   164373
-17   -3   164373
-17   -2   164373
-17   -1   164373
-17   0   164373
-17   1   164373
-17   2   164373
-17   3   164373
-17   4   164373
-17   5   164373
-17   6   164373
-17   7   164373
-17   8   182239
-17   9   182239
-17   10   182239
-17   11   182239
-17   12   182239
-17   13   182239
-17   14   182239
-17   15   182239
-17   16   182239
-17   17   182239
-17   18   182239
-17   19   182239
-17   20   182239
-17   21   182239
-17   22   182239
-17   23   182239
-17   24   195032
-17   25   195032
-17   26   195032
-17   27   195032
-17   28   195032
-17   29   195032
-17   30   195032
-17   31   195032
-16   -31   180283
-16   -30   180283
-16   -29   180283
-16   -28   180283
-16   -27   180283
-16   -26   180283
-16   -25   180283
-16   -24   180283
-16   -23   177128
-16   -22   177128
-16   -21   177128
-16   -20   177128
-16   -19   177128
-16   -18   177128
-16   -17   177128
-16   -16   177128
-16   -15   177128
-16   -14   177128
-16   -13   177128
-16   -12   177128
-16   -11   177128
-16   -10   177128
-16   -9   177128
-16   -8   177128
-16   -7   164373
-16   -6   164373
-16   -5   164373
-16   -4   164373
-16   -3   164373
-16   -2   164373
-16   -1   164373
-16   0   164373
-16   1   164373
-16   2   164373
-16   3   164373
-16   4   164373
-16   5   164373
-16   6   164373
-16   7   164373
-16   8   182239
-16   9   182239
-16   10   182239
-16   11   182239
-16   12   182239
-16   13   182239
-16   14   182239
-16   15   182239
-16   16   182239
-16   17   182239
-16   18   182239
-16   19   182239
-16   20   182239
-16   21   182239
-16   22   182239
-16   23   182239
-16   24   195032
-16   25   195032
-16   26   195032
-16   27   195032
-16   28   195032
-16   29   195032
-16   30   195032
-16   31   195032
-15   -31   180283
-15   -30   180283
-15   -29   180283
-15   -28   180283
-15   -27   180283
-15   -26   180283
-15   -25   180283
-15   -24   180283
-15   -23   177128
-15   -22   177128
-15   -21   177128
-15   -20   177128
-15   -19   177128
-15   -18   177128
-15   -17   177128
-15   -16   177128
-15   -15   177128
-15   -14   177128
-15   -13   177128
-15   -12   177128
-15   -11   177128
-15   -10   177128
-15   -9   177128
-15   -8   177128
-15   -7   164373
-15   -6   164373
-15   -5   164373
-15   -4   164373
-15   -3   164373
-15   -2   164373
-15   -1   164373
-15   0   164373
-15   1   164373
-15   2   164373
-15   3   164373
-15   4   164373
-15   5   164373
-15   6   164373
-15   7   164373
-15   8   182239
-15   9   182239
-15   10   182239
-15   11   182239
-15   12   182239
-15   13   182239
-15   14   182239
-15   15   182239
-15   16   182239
-15   17   182239
-15   18   182239
-15   19   182239
-15   20   182239
-15   21   182239
-15   22   182239
-15   23   182239
-15   24   195032
-15   25   195032
-15   26   195032
-15   27   195032
-15   28   195032
-15   29   195032
-15   30   195032
-15   31   195032
-14   -31   180283
-14   -30   180283
-14   -29   180283
-14   -28   180283
-14   -27   180283
-14   -26   180283
-14   -25   180283
-14   -24   180283
-14   -23   177128
-14   -22   177128
-14   -21   177128
-14   -20   177128
-14   -19   177128
-14   -18   177128
-14   -17   177128
-14   -16   177128
-14   -15   177128
-14   -14   177128
-14   -13   177128
-14   -12   177128
-14   -11   177128
-14   -10   177128
-14   -9   177128
-14   -8   177128
-14   -7   164373
-14   -6   164373
-14   -5   164373
-14   -4   164373
-14   -3   164373
-14   -2   164373
-14   -1   164373
-14   0   164373
-14   1   164373
-14   2   164373
-14   3   164373
-14   4   164373
-14   5   164373
-14   6   164373
-14   7   164373
-14   8   182239
-14   9   182239
-14   10   182239
-14   11   182239
-14   12   182239
-14   13   182239
-14   14   182239
-14   15   182239
-14   16   182239
-14   17   182239
-14   18   182239
-14   19   182239
-14   20   182239
-14   21   182239
-14   22   182239
-14   23   182239
-14   24   195032
-14   25   195032
-14   26   195032
-14   27   195032
-14   28   195032
-14   29   195032
-14   30   195032
-14   31   195032
-13   -31   180283
-13   -30   180283
-13   -29   180283
-13   -28   180283
-13   -27   180283
-13   -26   180283
-13   -25   180283
-13   -24   180283
-13   -23   177128
-13   -22   177128
-13   -21   177128
-13   -20   177128
-13   -19   177128
-13   -18   177128
-13   -17   177128
-13   -16   177128
-13   -15   177128
-13   -14   177128
-13   -13   177128
-13   -12   177128
-13   -11   177128
-13   -10   177128
-13   -9   177128
-13   -8   177128
-13   -7   164373
-13   -6   164373
-13   -5   164373
-13   -4   164373
-13   -3   164373
-13   -2   164373
-13   -1   164373
-13   0   164373
-13   1   164373
-13   2   164373
-13   3   164373
-13   4   164373
-13   5   164373
-13   6   164373
-13   7   164373
-13   8   182239
-13   9   182239
-13   10   182239
-13   11   182239
-13   12   182239
-13   13   182239
-13   14   182239
-13   15   182239
-13   16   182239
-13   17   182239
-13   18   182239
-13   19   182239
-13   20   182239
-13   21   182239
-13   22   182239
-13   23   182239
-13   24   195032
-13   25   195032
-13   26   195032
-13   27   195032
-13   28   195032
-13   29   195032
-13   30   195032
-13   31   195032
-12   -31   180283
-12   -30   180283
-12   -29   180283
-12   -28   180283
-12   -27   180283
-12   -26   180283
-12   -25   180283
-12   -24   180283
-12   -23   177128
-12   -22   177128
-12   -21   177128
-12   -20   177128
-12   -19   177128
-12   -18   177128
-12   -17   177128
-12   -16   177128
-12   -15   177128
-12   -14   177128
-12   -13   177128
-12   -12   177128
-12   -11   177128
-12   -10   177128
-12   -9   177128
-12   -8   177128
-12   -7   164373
-12   -6   164373
-12   -5   164373
-12   -4   164373
-12   -3   164373
-12   -2   164373
-12   -1   164373
-12   0   164373
-12   1   164373
-12   2   164373
-12   3   164373
-12   4   164373
-12   5   164373
-12   6   164373
-12   7   164373
-12   8   182239
-12   9   182239
-12   10   182239
-12   11   182239
-12   12   182239
-12   13   182239
-12   14   182239
-12   15   182239
-12   16   182239
-12   17   182239
-12   18   182239
-12   19   182239
-12   20   182239
-12   21   182239
-12   22   182239
-12   23   182239
-12   24   195032
-12   25   195032
-12   26   195032
-12   27   195032
-12   28   195032
-12   29   195032
-12   30   195032
-12   31   195032
-11   -31   180283
-11   -30   180283
-11   -29   180283
-11   -28   180283
-11   -27   180283
-11   -26   180283
-11   -25   180283
-11   -24   180283
-11   -23   177128
-11   -22   177128
-11   -21   177128
-11   -20   177128
-11   -19   177128
-11   -18   177128
-11   -17   177128
-11   -16   177128
-11   -15   177128
-11   -14   177128
-11   -13   177128
-11   -12   177128
-11   -11   177128
-11   -10   177128
-11   -9   177128
-11   -8   177128
-11   -7   164373
-11   -6   164373
-11   -5   164373
-11   -4   164373
-11   -3   164373
-11   -2   164373
-11   -1   164373
-11   0   164373
-11   1   164373
-11   2   164373
-11   3   164373
-11   4   164373
-11   5   164373
-11   6   164373
-11   7   164373
-11   8   182239
-11   9   182239
-11   10   182239
-11   11   182239
-11   12   182239
-11   13   182239
-11   14   182239
-11   15   182239
-11   16   182239
-11   17   182239
-11   18   182239
-11   19   182239
-11   20   182239
-11   21   182239
-11   22   182239
-11   23   182239
-11   24   195032
-11   25   195032
-11   26   195032
-11   27   195032
-11   28   195032
-11   29   195032
-11   30   195032
-11   31   195032
-10   -31   180283
-10   -30   180283
-10   -29   180283
-10   -28   180283
-10   -27   180283
-10   -26   180283
-10   -25   180283
-10   -24   180283
-10   -23   177128
-10   -22   177128
-10   -21   177128
-10   -20   177128
-10   -19   177128
-10   -18   177128
-10   -17   177128
-10   -16   177128
-10   -15   177128
-10   -14   177128
-10   -13   177128
-10   -12   177128
-10   -11   177128
-10   -10   177128
-10   -9   177128
-10   -8   177128
-10   -7   164373
-10   -6   164373
-10   -5   164373
-10   -4   164373
-10   -3   164373
-10   -2   164373
-10   -1   164373
-10   0   164373
-10   1   164373
-10   2   164373
-10   3   164373
-10   4   164373
-10   5   164373
-10   6   164373
-10   7   164373
-10   8   182239
-10   9   182239
-10   10   182239
-10   11   182239
-10   12   182239
-10   13   182239
-10   14   182239
-10   15   182239
-10   16   182239
-10   17   182239
-10   18   182239
-10   19   182239
-10   20   182239
-10   21   182239
-10   22   182239
-10   23   182239
-10   24   195032
-10   25   195032
-10   26   195032
-10   27   195032
-10   28   195032
-10   29   195032
-10   30   195032
-10   31   195032
-9   -31   180283
-9   -30   180283
-9   -29   180283
-9   -28   180283
-9   -27   180283
-9   -26   180283
-9   -25   180283
-9   -24   180283
-9   -23   177128
-9   -22   177128
-9   -21   177128
-9   -20   177128
-9   -19   177128
-9   -18   177128
-9   -17   177128
-9   -16   177128
-9   -15   177128
-9   -14   177128
-9   -13   177128
-9   -12   177128
-9   -11   177128
-9   -10   177128
-9   -9   177128
-9   -8   177128
-9   -7   164373
-9   -6   164373
-9   -5   164373
-9   -4   164373
-9   -3   164373
-9   -2   164373
-9   -1   164373
-9   0   164373
-9   1   164373
-9   2   164373
-9   3   164373
-9   4   164373
-9   5   164373
-9   6   164373
-9   7   164373
-9   8   182239
-9   9   182239
-9   10   182239
-9   11   182239
-9   12   182239
-9   13   182239
-9   14   182239
-9   15   182239
-9   16   182239
-9   17   182239
-9   18   182239
-9   19   182239
-9   20   182239
-9   21   182239
-9   22   182239
-9   23   182239
-9   24   195032
-9   25   195032
-9   26   195032
-9   27   195032
-9   28   195032
-9   29   195032
-9   30   195032
-9   31   195032
-8   -31   180283
-8   -30   180283
-8   -29   180283
-8   -28   180283
-8   -27   180283
-8   -26   180283
-8   -25   180283
-8   -24   180283
-8   -23   177128
-8   -22   177128
-8   -21   177128
-8   -20   177128
-8   -19   177128
-8   -18   177128
-8   -17   177128
-8   -16   177128
-8   -15   177128
-8   -14   177128
-8   -13   177128
-8   -12   177128
-8   -11   177128
-8   -10   177128
-8   -9   177128
-8   -8   177128
-8   -7   164373
-8   -6   164373
-8   -5   164373
-8   -4   164373
-8   -3   164373
-8   -2   164373
-8   -1   164373
-8   0   164373
-8   1   164373
-8   2   164373
-8   3   164373
-8   4   164373
-8   5   164373
-8   6   164373
-8   7   164373
-8   8   182239
-8   9   182239
-8   10   182239
-8   11   182239
-8   12   182239
-8   13   182239
-8   14   182239
-8   15   182239
-8   16   182239
-8   17   182239
-8   18   182239
-8   19   182239
-8   20   182239
-8   21   182239
-8   22   182239
-8   23   182239
-8   24   195032
-8   25   195032
-8   26   195032
-8   27   195032
-8   28   195032
-8   29   195032
-8   30   195032
-8   31   195032
-7   -31   172826
-7   -30   172826
-7   -29   172826
-7   -28   172826
-7   -27   172826
-7   -26   172826
-7   -25   172826
-7   -24   172826
-7   -23   169262
-7   -22   169262
-7   -21   169262
-7   -20   169262
-7   -19   169262
-7   -18   169262
-7   -17   169262
-7   -16   169262
-7   -15   169262
-7   -14   169262
-7   -13   169262
-7   -12   169262
-7   -11   169262
-7   -10   169262
-7   -9   169262
-7   -8   169262
-7   -7   151188
-7   -6   151188
-7   -5   151188
-7   -4   151188
-7   -3   151188
-7   -2   151188
-7   -1   151188
-7   0   151188
-7   1   151188
-7   2   151188
-7   3   151188
-7   4   151188
-7   5   151188
-7   6   151188
-7   7   151188
-7   8   169074
-7   9   169074
-7   10   169074
-7   11   169074
-7   12   169074
-7   13   169074
-7   14   169074
-7   15   169074
-7   16   169074
-7   17   169074
-7   18   169074
-7   19   169074
-7   20   169074
-7   21   169074
-7   22   169074
-7   23   169074
-7   24   181465
-7   25   181465
-7   26   181465
-7   27   181465
-7   28   181465
-7   29   181465
-7   30   181465
-7   31   181465
-6   -31   172826
-6   -30   172826
-6   -29   172826
-6   -28   172826
-6   -27   172826
-6   -26   172826
-6   -25   172826
-6   -24   172826
-6   -23   169262
-6   -22   169262
-6   -21   169262
-6   -20   169262
-6   -19   169262
-6   -18   169262
-6   -17   169262
-6   -16   169262
-6   -15   169262
-6   -14   169262
-6   -13   169262
-6   -12   169262
-6   -11   169262
-6   -10   169262
-6   -9   169262
-6   -8   169262
-6   -7   151188
-6   -6   151188
-6   -5   151188
-6   -4   151188
-6   -3   151188
-6   -2   151188
-6   -1   151188
-6   0   151188
-6   1   151188
-6   2   151188
-6   3   151188
-6   4   151188
-6   5   151188
-6   6   151188
-6   7   151188
-6   8   169074
-6   9   169074
-6   10   169074
-6   11   169074
-6   12   169074
-6   13   169074
-6   14   169074
-6   15   169074
-6   16   169074
-6   17   169074
-6   18   169074
-6   19   169074
-6   20   169074
-6   21   169074
-6   22   169074
-6   23   169074
-6   24   181465
-6   25   181465
-6   26   181465
-6   27   181465
-6   28   181465
-6   29   181465
-6   30   181465
-6   31   181465
-5   -31   172826
-5   -30   172826
-5   -29   172826
-5   -28   172826
-5   -27   172826
-5   -26   172826
-5   -25   172826
-5   -24   172826
-5   -23   169262
-5   -22   169262
-5   -21   169262
-5   -20   169262
-5   -19   169262
-5   -18   169262
-5   -17   169262
-5   -16   169262
-5   -15   169262
-5   -14   169262
-5   -13   169262
-5   -12   169262
-5   -11   169262
-5   -10   169262
-5   -9   169262
-5   -8   169262
-5   -7   151188
-5   -6   151188
-5   -5   151188
-5   -4   151188
-5   -3   151188
-5   -2   151188
-5   -1   151188
-5   0   151188
-5   1   151188
-5   2   151188
-5   3   151188
-5   4   151188
-5   5   151188
-5   6   151188
-5   7   151188
-5   8   169074
-5   9   169074
-5   10   169074
-5   11   169074
-5   12   169074
-5   13   169074
-5   14   169074
-5   15   169074
-5   16   169074
-5   17   169074
-5   18   169074
-5   19   169074
-5   20   169074
-5   21   169074
-5   22   169074
-5   23   169074
-5   24   181465
-5   25   181465
-5   26   181465
-5   27   181465
-5   28   181465
-5   29   181465
-5   30   181465
-5   31   181465
-4   -31   172826
-4   -30   172826
-4   -29   172826
-4   -28   172826
-4   -27   172826
-4   -26   172826
-4   -25   172826
-4   -24   172826
-4   -23   169262
-4   -22   169262
-4   -21   169262
-4   -20   169262
-4   -19   169262
-4   -18   169262
-4   -17   169262
-4   -16   169262
-4   -15   169262
-4   -14   169262
-4   -13   169262
-4   -12   169262
-4   -11   169262
-4   -10   169262
-4   -9   169262
-4   -8   169262
-4   -7   151188
-4   -6   151188
-4   -5   151188
-4   -4   151188
-4   -3   151188
-4   -2   151188
-4   -1   151188
-4   0   151188
-4   1   151188
-4   2   151188
-4   3   151188
-4   4   151188
-4   5   151188
-4   6   151188
-4   7   151188
-4   8   169074
-4   9   169074
-4   10   169074
-4   11   169074
-4   12   169074
-4   13   169074
-4   14   169074
-4   15   169074
-4   16   169074
-4   17   169074
-4   18   169074
-4   19   169074
-4   20   169074
-4   21   169074
-4   22   169074
-4   23   169074
-4   24   181465
-4   25   181465
-4   26   181465
-4   27   181465
-4   28   181465
-4   29   181465
-4   30   181465
-4   31   181465
-3   -31   172826
-3   -30   172826
-3   -29   172826
-3   -28   172826
-3   -27   172826
-3   -26   172826
-3   -25   172826
-3   -24   172826
-3   -23   169262
-3   -22   169262
-3   -21   169262
-3   -20   169262
-3   -19   169262
-3   -18   169262
-3   -17   169262
-3   -16   169262
-3   -15   169262
-3   -14   169262
-3   -13   169262
-3   -12   169262
-3   -11   169262
-3   -10   169262
-3   -9   169262
-3   -8   169262
-3   -7   151188
-3   -6   151188
-3   -5   151188
-3   -4   151188
-3   -3   151188
-3   -2   151188
-3   -1   151188
-3   0   151188
-3   1   151188
-3   2   151188
-3   3   151188
-3   4   151188
-3   5   151188
-3   6   151188
-3   7   151188
-3   8   169074
-3   9   169074
-3   10   169074
-3   11   169074
-3   12   169074
-3   13   169074
-3   14   169074
-3   15   169074
-3   16   169074
-3   17   169074
-3   18   169074
-3   19   169074
-3   20   169074
-3   21   169074
-3   22   169074
-3   23   169074
-3   24   181465
-3   25   181465
-3   26   181465
-3   27   181465
-3   28   181465
-3   29   181465
-3   30   181465
-3   31   181465
-2   -31   172826
-2   -30   172826
-2   -29   172826
-2   -28   172826
-2   -27   172826
-2   -26   172826
-2   -25   172826
-2   -24   172826
-2   -23   169262
-2   -22   169262
-2   -21   169262
-2   -20   169262
-2   -19   169262
-2   -18   169262
-2   -17   169262
-2   -16   169262
-2   -15   169262
-2   -14   169262
-2   -13   169262
-2   -12   169262
-2   -11   169262
-2   -10   169262
-2   -9   169262
-2   -8   169262
-2   -7   151188
-2   -6   151188
-2   -5   151188
-2   -4   151188
-2   -3   151188
-2   -2   151188
-2   -1   151188
-2   0   151188
-2   1   151188
-2   2   151188
-2   3   151188
-2   4   151188
-2   5   151188
-2   6   151188
-2   7   151188
-2   8   169074
-2   9   169074
-2   10   169074
-2   11   169074
-2   12   169074
-2   13   169074
-2   14   169074
-2   15   169074
-2   16   169074
-2   17   169074
-2   18   169074
-2   19   169074
-2   20   169074
-2   21   169074
-2   22   169074
-2   23   169074
-2   24   181465
-2   25   181465
-2   26   181465
-2   27   181465
-2   28   181465
-2   29   181465
-2   30   181465
-2   31   181465
-1   -31   172826
-1   -30   172826
-1   -29   172826
-1   -28   172826
-1   -27   172826
-1   -26   172826
-1   -25   172826
-1   -24   172826
-1   -23   169262
-1   -22   169262
-1   -21   169262
-1   -20   169262
-1   -19   169262
-1   -18   169262
-1   -17   169262
-1   -16   169262
-1   -15   169262
-1   -14   169262
-1   -13   169262
-1   -12   169262
-1   -11   169262
-1   -10   169262
-1   -9   169262
-1   -8   169262
-1   -7   151188
-1   -6   151188
-1   -5   151188
-1   -4   151188
-1   -3   151188
-1   -2   151188
-1   -1   151188
-1   0   151188
-1   1   151188
-1   2   151188
-1   3   151188
-1   4   151188
-1   5   151188
-1   6   151188
-1   7   151188
-1   8   169074
-1   9   169074
-1   10   169074
-1   11   169074
-1   12   169074
-1   13   169074
-1   14   169074
-1   15   169074
-1   16   169074
-1   17   169074
-1   18   169074
-1   19   169074
-1   20   169074
-1   21   169074
-1   22   169074
-1   23   169074
-1   24   181465
-1   25   181465
-1   26   181465
-1   27   181465
-1   28   181465
-1   29   181465
-1   30   181465
-1   31   181465
0   -31   172826
0   -30   172826
0   -29   172826
0   -28   172826
0   -27   172826
0   -26   172826
0   -25   172826
0   -24   172826
0   -23   169262
0   -22   169262
0   -21   169262
0   -20   169262
0   -19   169262
0   -18   169262
0   -17   169262
0   -16   169262
0   -15   169262
0   -14   169262
0   -13   169262
0   -12   169262
0   -11   169262
0   -10   169262
0   -9   169262
0   -8   169262
0   -7   151188
0   -6   151188
0   -5   151188
0   -4   151188
0   -3   151188
0   -2   151188
0   -1   151188
0   0   151188
0   1   151188
0   2   151188
0   3   151188
0   4   151188
0   5   151188
0   6   151188
0   7   151188
0   8   169074
0   9   169074
0   10   169074
0   11   169074
0   12   169074
0   13   169074
0   14   169074
0   15   169074
0   16   169074
0   17   169074
0   18   169074
0   19   169074
0   20   169074
0   21   169074
0   22   169074
0   23   169074
0   24   181465
0   25   181465
0   26   181465
0   27   181465
0   28   181465
0   29   181465
0   30   181465
0   31   181465
1   -31   172826
1   -30   172826
1   -29   172826
1   -28   172826
1   -27   172826
1   -26   172826
1   -25   172826
1   -24   172826
1   -23   169262
1   -22   169262
1   -21   169262
1   -20   169262
1   -19   169262
1   -18   169262
1   -17   169262
1   -16   169262
1   -15   169262
1   -14   169262
1   -13   169262
1   -12   169262
1   -11   169262
1   -10   169262
1   -9   169262
1   -8   169262
1   -7   151188
1   -6   151188
1   -5   151188
1   -4   151188
1   -3   151188
1   -2   151188
1   -1   151188
1   0   151188
1   1   151188
1   2   151188
1   3   151188
1   4   151188
1   5   151188
1   6   151188
1   7   151188
1   8   169074
1   9   169074
1   10   169074
1   11   169074
1   12   169074
1   13   169074
1   14   169074
1   15   169074
1   16   169074
1   17   169074
1   18   169074
1   19   169074
1   20   169074
1   21   169074
1   22   169074
1   23   169074
1   24   181465
1   25   181465
1   26   181465
1   27   181465
1   28   181465
1   29   181465
1   30   181465
1   31   181465
2   -31   172826
2   -30   172826
2   -29   172826
2   -28   172826
2   -27   172826
2   -26   172826
2   -25   172826
2   -24   172826
2   -23   169262
2   -22   169262
2   -21   169262
2   -20   169262
2   -19   169262
2   -18   169262
2   -17   169262
2   -16   169262
2   -15   169262
2   -14   169262
2   -13   169262
2   -12   169262
2   -11   169262
2   -10   169262
2   -9   169262
2   -8   169262
2   -7   151188
2   -6   151188
2   -5   151188
2   -4   151188
2   -3   151188
2   -2   151188
2   -1   151188
2   0   151188
2   1   151188
2   2   151188
2   3   151188
2   4   151188
2   5   151188
2   6   151188
2   7   151188
2   8   169074
2   9   169074
2   10   169074
2   11   169074
2   12   169074
2   13   169074
2   14   169074
2   15   169074
2   16   169074
2   17   169074
2   18   169074
2   19   169074
2   20   169074
2   21   169074
2   22   169074
2   23   169074
2   24   181465
2   25   181465
2   26   181465
2   27   181465
2   28   181465
2   29   181465
2   30   181465
2   31   181465
3   -31   172826
3   -30   172826
3   -29   172826
3   -28   172826
3   -27   172826
3   -26   172826
3   -25   172826
3   -24   172826
3   -23   169262
3   -22   169262
3   -21   169262
3   -20   169262
3   -19   169262
3   -18   169262
3   -17   169262
3   -16   169262
3   -15   169262
3   -14   169262
3   -13   169262
3   -12   169262
3   -11   169262
3   -10   169262
3   -9   169262
3   -8   169262
3   -7   151188
3   -6   151188
3   -5   151188
3   -4   151188
3   -3   151188
3   -2   151188
3   -1   151188
3   0   151188
3   1   151188
3   2   151188
3   3   151188
3   4   151188
3   5   151188
3   6   151188
3   7   151188
3   8   169074
3   9   169074
3   10   169074
3   11   169074
3   12   169074
3   13   169074
3   14   169074
3   15   169074
3   16   169074
3   17   169074
3   18   169074
3   19   169074
3   20   169074
3   21   169074
3   22   169074
3   23   169074
3   24   181465
3   25   181465
3   26   181465
3   27   181465
3   28   181465
3   29   181465
3   30   181465
3   31   181465
4   -31   172826
4   -30   172826
4   -29   172826
4   -28   172826
4   -27   172826
4   -26   172826
4   -25   172826
4   -24   172826
4   -23   169262
4   -22   169262
4   -21   169262
4   -20   169262
4   -19   169262
4   -18   169262
4   -17   169262
4   -16   169262
4   -15   169262
4   -14   169262
4   -13   169262
4   -12   169262
4   -11   169262
4   -10   169262
4   -9   169262
4   -8   169262
4   -7   151188
4   -6   151188
4   -5   151188
4   -4   151188
4   -3   151188
4   -2   151188
4   -1   151188
4   0   151188
4   1   151188
4   2   151188
4   3   151188
4   4   151188
4   5   151188
4   6   151188
4   7   151188
4   8   169074
4   9   169074
4   10   169074
4   11   169074
4   12   169074
4   13   169074
4   14   169074
4   15   169074
4   16   169074
4   17   169074
4   18   169074
4   19   169074
4   20   169074
4   21   169074
4   22   169074
4   23   169074
4   24   181465
4   25   181465
4   26   181465
4   27   181465
4   28   181465
4   29   181465
4   30   181465
4   31   181465
5   -31   172826
5   -30   172826
5   -29   172826
5   -28   172826
5   -27   172826
5   -26   172826
5   -25   172826
5   -24   172826
5   -23   169262
5   -22   169262
5   -21   169262
5   -20   169262
5   -19   169262
5   -18   169262
5   -17   169262
5   -16   169262
5   -15   169262
5   -14   169262
5   -13   169262
5   -12   169262
5   -11   169262
5   -10   169262
5   -9   169262
5   -8   169262
5   -7   151188
5   -6   151188
5   -5   151188
5   -4   151188
5   -3   151188
5   -2   151188
5   -1   151188
5   0   151188
5   1   151188
5   2   151188
5   3   151188
5   4   151188
5   5   151188
5   6   151188
5   7   151188
5   8   169074
5   9   169074
5   10   169074
5   11   169074
5   12   169074
5   13   169074
5   14   169074
5   15   169074
5   16   169074
5   17   169074
5   18   169074
5   19   169074
5   20   169074
5   21   169074
5   22   169074
5   23   169074
5   24   181465
5   25   181465
5   26   181465
5   27   181465
5   28   181465
5   29   181465
5   30   181465
5   31   181465
6   -31   172826
6   -30   172826
6   -29   172826
6   -28   172826
6   -27   172826
6   -26   172826
6   -25   172826
6   -24   172826
6   -23   169262
6   -22   169262
6   -21   169262
6   -20   169262
6   -19   169262
6   -18   169262
6   -17   169262
6   -16   169262
6   -15   169262
6   -14   169262
6   -13   169262
6   -12   169262
6   -11   169262
6   -10   169262
6   -9   169262
6   -8   169262
6   -7   151188
6   -6   151188
6   -5   151188
6   -4   151188
6   -3   151188
6   -2   151188
6   -1   151188
6   0   151188
6   1   151188
6   2   151188
6   3   151188
6   4   151188
6   5   151188
6   6   151188
6   7   151188
6   8   169074
6   9   169074
6   10   169074
6   11   169074
6   12   169074
6   13   169074
6   14   169074
6   15   169074
6   16   169074
6   17   169074
6   18   169074
6   19   169074
6   20   169074
6   21   169074
6   22   169074
6   23   169074
6   24   181465
6   25   181465
6   26   181465
6   27   181465
6   28   181465
6   29   181465
6   30   181465
6   31   181465
7   -31   172826
7   -30   172826
7   -29   172826
7   -28   172826
7   -27   172826
7   -26   172826
7   -25   172826
7   -24   172826
7   -23   169262
7   -22   169262
7   -21   169262
7   -20   169262
7   -19   169262
7   -18   169262
7   -17   169262
7   -16   169262
7   -15   169262
7   -14   169262
7   -13   169262
7   -12   169262
7   -11   169262
7   -10   169262
7   -9   169262
7   -8   169262
7   -7   151188
7   -6   151188
7   -5   151188
7   -4   151188
7   -3   151188
7   -2   151188
7   -1   151188
7   0   151188
7   1   151188
7   2   151188
7   3   151188
7   4   151188
7   5   151188
7   6   151188
7   7   151188
7   8   169074
7   9   169074
7   10   169074
7   11   169074
7   12   169074
7   13   169074
7   14   169074
7   15   169074
7   16   169074
7   17   169074
7   18   169074
7   19   169074
7   20   169074
7   21   169074
7   22   169074
7   23   169074
7   24   181465
7   25   181465
7   26   181465
7   27   181465
7   28   181465
7   29   181465
7   30   181465
7   31   181465
8   -31   176068
8   -30   176068
8   -29   176068
8   -28   176068
8   -27   176068
8   -26   176068
8   -25   176068
8   -24   176068
8   -23   172543
8   -22   172543
8   -21   172543
8   -20   172543
8   -19   172543
8   -18   172543
8   -17   172543
8   -16   172543
8   -15   172543
8   -14   172543
8   -13   172543
8   -12   172543
8   -11   172543
8   -10   172543
8   -9   172543
8   -8   172543
8   -7   155021
8   -6   155021
8   -5   155021
8   -4   155021
8   -3   155021
8   -2   155021
8   -1   155021
8   0   155021
8   1   155021
8   2   155021
8   3   155021
8   4   155021
8   5   155021
8   6   155021
8   7   155021
8   8   173655
8   9   173655
8   10   173655
8   11   173655
8   12   173655
8   13   173655
8   14   173655
8   15   173655
8   16   173655
8   17   173655
8   18   173655
8   19   173655
8   20   173655
8   21   173655
8   22   173655
8   23   173655
8   24   187567
8   25   187567
8   26   187567
8   27   187567
8   28   187567
8   29   187567
8   30   187567
8   31   187567
9   -31   176068
9   -30   176068
9   -29   176068
9   -28   176068
9   -27   176068
9   -26   176068
9   -25   176068
9   -24   176068
9   -23   172543
9   -22   172543
9   -21   172543
9   -20   172543
9   -19   172543
9   -18   172543
9   -17   172543
9   -16   172543
9   -15   172543
9   -14   172543
9   -13   172543
9   -12   172543
9   -11   172543
9   -10   172543
9   -9   172543
9   -8   172543
9   -7   155021
9   -6   155021
9   -5   155021
9   -4   155021
9   -3   155021
9   -2   155021
9   -1   155021
9   0   155021
9   1   155021
9   2   155021
9   3   155021
9   4   155021
9   5   155021
9   6   155021
9   7   155021
9   8   173655
9   9   173655
9   10   173655
9   11   173655
9   12   173655
9   13   173655
9   14   173655
9   15   173655
9   16   173655
9   17   173655
9   18   173655
9   19   173655
9   20   173655
9   21   173655
9   22   173655
9   23   173655
9   24   187567
9   25   187567
9   26   187567
9   27   187567
9   28   187567
9   29   187567
9   30   187567
9   31   187567
10   -31   176068
10   -30   176068
10   -29   176068
10   -28   176068
10   -27   176068
10   -26   176068
10   -25   176068
10   -24   176068
10   -23   172543
10   -22   172543
10   -21   172543
10   -20   172543
10   -19   172543
10   -18   172543
10   -17   172543
10   -16   172543
10   -15   172543
10   -14   172543
10   -13   172543
10   -12   172543
10   -11   172543
10   -10   172543
10   -9   172543
10   -8   172543
10   -7   155021
10   -6   155021
10   -5   155021
10   -4   155021
10   -3   155021
10   -2   155021
10   -1   155021
10   0   155021
10   1   155021
10   2   155021
10   3   155021
10   4   155021
10   5   155021
10   6   155021
10   7   155021
10   8   173655
10   9   173655
10   10   173655
10   11   173655
10   12   173655
10   13   173655
10   14   173655
10   15   173655
10   16   173655
10   17   173655
10   18   173655
10   19   173655
10   20   173655
10   21   173655
10   22   173655
10   23   173655
10   24   187567
10   25   187567
10   26   187567
10   27   187567
10   28   187567
10   29   187567
10   30   187567
10   31   187567
11   -31   176068
11   -30   176068
11   -29   176068
11   -28   176068
11   -27   176068
11   -26   176068
11   -25   176068
11   -24   176068
11   -23   172543
11   -22   172543
11   -21   172543
11   -20   172543
11   -19   172543
11   -18   172543
11   -17   172543
11   -16   172543
11   -15   172543
11   -14   172543
11   -13   172543
11   -12   172543
11   -11   172543
11   -10   172543
11   -9   172543
11   -8   172543
11   -7   155021
11   -6   155021
11   -5   155021
11   -4   155021
11   -3   155021
11   -2   155021
11   -1   155021
11   0   155021
11   1   155021
11   2   155021
11   3   155021
11   4   155021
11   5   155021
11   6   155021
11   7   155021
11   8   173655
11   9   173655
11   10   173655
11   11   173655
11   12   173655
11   13   173655
11   14   173655
11   15   173655
11   16   173655
11   17   173655
11   18   173655
11   19   173655
11   20   173655
11   21   173655
11   22   173655
11   23   173655
11   24   187567
11   25   187567
11   26   187567
11   27   187567
11   28   187567
11   29   187567
11   30   187567
11   31   187567
12   -31   176068
12   -30   176068
12   -29   176068
12   -28   176068
12   -27   176068
12   -26   176068
12   -25   176068
12   -24   176068
12   -23   172543
12   -22   172543
12   -21   172543
12   -20   172543
12   -19   172543
12   -18   172543
12   -17   172543
12   -16   172543
12   -15   172543
12   -14   172543
12   -13   172543
12   -12   172543
12   -11   172543
12   -10   172543
12   -9   172543
12   -8   172543
12   -7   155021
12   -6   155021
12   -5   155021
12   -4   155021
12   -3   155021
12   -2   155021
12   -1   155021
12   0   155021
12   1   155021
12   2   155021
12   3   155021
12   4   155021
12   5   155021
12   6   155021
12   7   155021
12   8   173655
12   9   173655
12   10   173655
12   11   173655
12   12   173655
12   13   173655
12   14   173655
12   15   173655
12   16   173655
12   17   173655
12   18   173655
12   19   173655
12   20   173655
12   21   173655
12   22   173655
12   23   173655
12   24   187567
12   25   187567
12   26   187567
12   27   187567
12   28   187567
12   29   187567
12   30   187567
12   31   187567
13   -31   176068
13   -30   176068
13   -29   176068
13   -28   176068
13   -27   176068
13   -26   176068
13   -25   176068
13   -24   176068
13   -23   172543
13   -22   172543
13   -21   172543
13   -20   172543
13   -19   172543
13   -18   172543
13   -17   172543
13   -16   172543
13   -15   172543
13   -14   172543
13   -13   172543
13   -12   172543
13   -11   172543
13   -10   172543
13   -9   172543
13   -8   172543
13   -7   155021
13   -6   155021
13   -5   155021
13   -4   155021
13   -3   155021
13   -2   155021
13   -1   155021
13   0   155021
13   1   155021
13   2   155021
13   3   155021
13   4   155021
13   5   155021
13   6   155021
13   7   155021
13   8   173655
13   9   173655
13   10   173655
13   11   173655
13   12   173655
13   13   173655
13   14   173655
13   15   173655
13   16   173655
13   17   173655
13   18   173655
13   19   173655
13   20   173655
13   21   173655
13   22   173655
13   23   173655
13   24   187567
13   25   187567
13   26   187567
13   27   187567
13   28   187567
13   29   187567
13   30   187567
13   31   187567
14   -31   176068
14   -30   176068
14   -29   176068
14   -28   176068
14   -27   176068
14   -26   176068
14   -25   176068
14   -24   176068
14   -23   172543
14   -22   172543
14   -21   172543
14   -20   172543
14   -19   172543
14   -18   172543
14   -17   172543
14   -16   172543
14   -15   172543
14   -14   172543
14   -13   172543
14   -12   172543
14   -11   172543
14   -10   172543
14   -9   172543
14   -8   172543
14   -7   155021
14   -6   155021
14   -5   155021
14   -4   155021
14   -3   155021
14   -2   155021
14   -1   155021
14   0   155021
14   1   155021
14   2   155021
14   3   155021
14   4   155021
14   5   155021
14   6   155021
14   7   155021
14   8   173655
14   9   173655
14   10   173655
14   11   173655
14   12   173655
14   13   173655
14   14   173655
14   15   173655
14   16   173655
14   17   173655
14   18   173655
14   19   173655
14   20   173655
14   21   173655
14   22   173655
14   23   173655
14   24   187567
14   25   187567
14   26   187567
14   27   187567
14   28   187567
14   29   187567
14   30   187567
14   31   187567
15   -31   176068
15   -30   176068
15   -29   176068
15   -28   176068
15   -27   176068
15   -26   176068
15   -25   176068
15   -24   176068
15   -23   172543
15   -22   172543
15   -21   172543
15   -20   172543
15   -19   172543
15   -18   172543
15   -17   172543
15   -16   172543
15   -15   172543
15   -14   172543
15   -13   172543
15   -12   172543
15   -11   172543
15   -10   172543
15   -9   172543
15   -8   172543
15   -7   155021
15   -6   155021
15   -5   155021
15   -4   155021
15   -3   155021
15   -2   155021
15   -1   155021
15   0   155021
15   1   155021
15   2   155021
15   3   155021
15   4   155021
15   5   155021
15   6   155021
15   7   155021
15   8   173655
15   9   173655
15   10   173655
15   11   173655
15   12   173655
15   13   173655
15   14   173655
15   15   173655
15   16   173655
15   17   173655
15   18   173655
15   19   173655
15   20   173655
15   21   173655
15   22   173655
15   23   173655
15   24   187567
15   25   187567
15   26   187567
15   27   187567
15   28   187567
15   29   187567
15   30   187567
15   31   187567
16   -31   176068
16   -30   176068
16   -29   176068
16   -28   176068
16   -27   176068
16   -26   176068
16   -25   176068
16   -24   176068
16   -23   172543
16   -22   172543
16   -21   172543
16   -20   172543
16   -19   172543
16   -18   172543
16   -17   172543
16   -16   172543
16   -15   172543
16   -14   172543
16   -13   172543
16   -12   172543
16   -11   172543
16   -10   172543
16   -9   172543
16   -8   172543
16   -7   155021
16   -6   155021
16   -5   155021
16   -4   155021
16   -3   155021
16   -2   155021
16   -1   155021
16   0   155021
16   1   155021
16   2   155021
16   3   155021
16   4   155021
16   5   155021
16   6   155021
16   7   155021
16   8   173655
16   9   173655
16   10   173655
16   11   173655
16   12   173655
16   13   173655
16   14   173655
16   15   173655
16   16   173655
16   17   173655
16   18   173655
16   19   173655
16   20   173655
16   21   173655
16   22   173655
16   23   173655
16   24   187567
16   25   187567
16   26   187567
16   27   187567
16   28   187567
16   29   187567
16   30   187567
16   31   187567
17   -31   176068
17   -30   176068
17   -29   176068
17   -28   176068
17   -27   176068
17   -26   176068
17   -25   176068
17   -24   176068
17   -23   172543
17   -22   172543
17   -21   172543
17   -20   172543
17   -19   172543
17   -18   172543
17   -17   172543
17   -16   172543
17   -15   172543
17   -14   172543
17   -13   172543
17   -12   172543
17   -11   172543
17   -10   172543
17   -9   172543
17   -8   172543
17   -7   155021
17   -6   155021
17   -5   155021
17   -4   155021
17   -3   155021
17   -2   155021
17   -1   155021
17   0   155021
17   1   155021
17   2   155021
17   3   155021
17   4   155021
17   5   155021
17   6   155021
17   7   155021
17   8   173655
17   9   173655
17   10   173655
17   11   173655
17   12   173655
17   13   173655
17   14   173655
17   15   173655
17   16   173655
17   17   173655
17   18   173655
17   19   173655
17   20   173655
17   21   173655
17   22   173655
17   23   173655
17   24   187567
17   25   187567
17   26   187567
17   27   187567
17   28   187567
17   29   187567
17   30   187567
17   31   187567
18   -31   176068
18   -30   176068
18   -29   176068
18   -28   176068
18   -27   176068
18   -26   176068
18   -25   176068
18   -24   176068
18   -23   172543
18   -22   172543
18   -21   172543
18   -20   172543
18   -19   172543
18   -18   172543
18   -17   172543
18   -16   172543
18   -15   172543
18   -14   172543
18   -13   172543
18   -12   172543
18   -11   172543
18   -10   172543
18   -9   172543
18   -8   172543
18   -7   155021
18   -6   155021
18   -5   155021
18   -4   155021
18   -3   155021
18   -2   155021
18   -1   155021
18   0   155021
18   1   155021
18   2   155021
18   3   155021
18   4   155021
18   5   155021
18   6   155021
18   7   155021
18   8   173655
18   9   173655
18   10   173655
18   11   173655
18   12   173655
18   13   173655
18   14   173655
18   15   173655
18   16   173655
18   17   173655
18   18   173655
18   19   173655
18   20   173655
18   21   173655
18   22   173655
18   23   173655
18   24   187567
18   25   187567
18   26   187567
18   27   187567
18   28   187567
18   29   187567
18   30   187567
18   31   187567
19   -31   176068
19   -30   176068
19   -29   176068
19   -28   176068
19   -27   176068
19   -26   176068
19   -25   176068
19   -24   176068
19   -23   172543
19   -22   172543
19   -21   172543
19   -20   172543
19   -19   172543
19   -18   172543
19   -17   172543
19   -16   172543
19   -15   172543
19   -14   172543
19   -13   172543
19   -12   172543
19   -11   172543
19   -10   172543
19   -9   172543
19   -8   172543
19   -7   155021
19   -6   155021
19   -5   155021
19   -4   155021
19   -3   155021
19   -2   155021
19   -1   155021
19   0   155021
19   1   155021
19   2   155021
19   3   155021
19   4   155021
19   5   155021
19   6   155021
19   7   155021
19   8   173655
19   9   173655
19   10   173655
19   11   173655
19   12   173655
19   13   173655
19   14   173655
19   15   173655
19   16   173655
19   17   173655
19   18   173655
19   19   173655
19   20   173655
19   21   173655
19   22   173655
19   23   173655
19   24   187567
19   25   187567
19   26   187567
19   27   187567
19   28   187567
19   29   187567
19   30   187567
19   31   187567
20   -31   176068
20   -30   176068
20   -29   176068
20   -28   176068
20   -27   176068
20   -26   176068
20   -25   176068
20   -24   176068
20   -23   172543
20   -22   172543
20   -21   172543
20   -20   172543
20   -19   172543
20   -18   172543
20   -17   172543
20   -16   172543
20   -15   172543
20   -14   172543
20   -13   172543
20   -12   172543
20   -11   172543
20   -10   172543
20   -9   172543
20   -8   172543
20   -7   155021
20   -6   155021
20   -5   155021
20   -4   155021
20   -3   155021
20   -2   155021
20   -1   155021
20   0   155021
20   1   155021
20   2   155021
20   3   155021
20   4   155021
20   5   155021
20   6   155021
20   7   155021
20   8   173655
20   9   173655
20   10   173655
20   11   173655
20   12   173655
20   13   173655
20   14   173655
20   15   173655
20   16   173655
20   17   173655
20   18   173655
20   19   173655
20   20   173655
20   21   173655
20   22   173655
20   23   173655
20   24   187567
20   25   187567
20   26   187567
20   27   187567
20   28   187567
20   29   187567
20   30   187567
20   31   187567
21   -31   176068
21   -30   176068
21   -29   176068
21   -28   176068
21   -27   176068
21   -26   176068
21   -25   176068
21   -24   176068
21   -23   172543
21   -22   172543
21   -21   172543
21   -20   172543
21   -19   172543
21   -18   172543
21   -17   172543
21   -16   172543
21   -15   172543
21   -14   172543
21   -13   172543
21   -12   172543
21   -11   172543
21   -10   172543
21   -9   172543
21   -8   172543
21   -7   155021
21   -6   155021
21   -5   155021
21   -4   155021
21   -3   155021
21   -2   155021
21   -1   155021
21   0   155021
21   1   155021
21   2   155021
21   3   155021
21   4   155021
21   5   155021
21   6   155021
21   7   155021
21   8   173655
21   9   173655
21   10   173655
21   11   173655
21   12   173655
21   13   173655
21   14   173655
21   15   173655
21   16   173655
21   17   173655
21   18   173655
21   19   173655
21   20   173655
21   21   173655
21   22   173655
21   23   173655
21   24   187567
21   25   187567
21   26   187567
21   27   187567
21   28   187567
21   29   187567
21   30   187567
21   31   187567
22   -31   176068
22   -30   176068
22   -29   176068
22   -28   176068
22   -27   176068
22   -26   176068
22   -25   176068
22   -24   176068
22   -23   172543
22   -22   172543
22   -21   172543
22   -20   172543
22   -19   172543
22   -18   172543
22   -17   172543
22   -16   172543
22   -15   172543
22   -14   172543
22   -13   172543
22   -12   172543
22   -11   172543
22   -10   172543
22   -9   172543
22   -8   172543
22   -7   155021
22   -6   155021
22   -5   155021
22   -4   155021
22   -3   155021
22   -2   155021
22   -1   155021
22   0   155021
22   1   155021
22   2   155021
22   3   155021
22   4   155021
22   5   155021
22   6   155021
22   7   155021
22   8   173655
22   9   173655
22   10   173655
22   11   173655
22   12   173655
22   13   173655
22   14   173655
22   15   173655
22   16   173655
22   17   173655
22   18   173655
22   19   173655
22   20   173655
22   21   173655
22   22   173655
22   23   173655
22   24   187567
22   25   187567
22   26   187567
22   27   187567
22   28   187567
22   29   187567
22   30   187567
22   31   187567
23   -31   176068
23   -30   176068
23   -29   176068
23   -28   176068
23   -27   176068
23   -26   176068
23   -25   176068
23   -24   176068
23   -23   172543
23   -22   172543
23   -21   172543
23   -20   172543
23   -19   172543
23   -18   172543
23   -17   172543
23   -16   172543
23   -15   172543
23   -14   172543
23   -13   172543
23   -12   172543
23   -11   172543
23   -10   172543
23   -9   172543
23   -8   172543
23   -7   155021
23   -6   155021
23   -5   155021
23   -4   155021
23   -3   155021
23   -2   155021
23   -1   155021
23   0   155021
23   1   155021
23   2   155021
23   3   155021
23   4   155021
23   5   155021
23   6   155021
23   7   155021
23   8   173655
23   9   173655
23   10   173655
23   11   173655
23   12   173655
23   13   173655
23   14   173655
23   15   173655
23   16   173655
23   17   173655
23   18   173655
23   19   173655
23   20   173655
23   21   173655
23   22   173655
23   23   173655
23   24   187567
23   25   187567
23   26   187567
23   27   187567
23   28   187567
23   29   187567
23   30   187567
23   31   187567
24   -31   183495
24   -30   183495
24   -29   183495
24   -28   183495
24   -27   183495
24   -26   183495
24   -25   183495
24   -24   183495
24   -23   176988
24   -22   176988
24   -21   176988
24   -20   176988
24   -19   176988
24   -18   176988
24   -17   176988
24   -16   176988
24   -15   176988
24   -14   176988
24   -13   176988
24   -12   176988
24   -11   176988
24   -10   176988
24   -9   176988
24   -8   176988
24   -7   168947
24   -6   168947
24   -5   168947
24   -4   168947
24   -3   168947
24   -2   168947
24   -1   168947
24   0   168947
24   1   168947
24   2   168947
24   3   168947
24   4   168947
24   5   168947
24   6   168947
24   7   168947
24   8   180220
24   9   180220
24   10   180220
24   11   180220
24   12   180220
24   13   180220
24   14   180220
24   15   180220
24   16   180220
24   17   180220
24   18   180220
24   19   180220
24   20   180220
24   21   180220
24   22   180220
24   23   180220
24   24   194340
24   25   194340
24   26   194340
24   27   194340
24   28   194340
24   29   194340
24   30   194340
24   31   194340
25   -31   183495
25   -30   183495
25   -29   183495
25   -28   183495
25   -27   183495
25   -26   183495
25   -25   183495
25   -24   183495
25   -23   176988
25   -22   176988
25   -21   176988
25   -20   176988
25   -19   176988
25   -18   176988
25   -17   176988
25   -16   176988
25   -15   176988
25   -14   176988
25   -13   176988
25   -12   176988
25   -11   176988
25   -10   176988
25   -9   176988
25   -8   176988
25   -7   168947
25   -6   168947
25   -5   168947
25   -4   168947
25   -3   168947
25   -2   168947
25   -1   168947
25   0   168947
25   1   168947
25   2   168947
25   3   168947
25   4   168947
25   5   168947
25   6   168947
25   7   168947
25   8   180220
25   9   180220
25   10   180220
25   11   180220
25   12   180220
25   13   180220
25   14   180220
25   15   180220
25   16   180220
25   17   180220
25   18   180220
25   19   180220
25   20   180220
25   21   180220
25   22   180220
25   23   180220
25   24   194340
25   25   194340
25   26   194340
25   27   194340
25   28   194340
25   29   194340
25   30   194340
25   31   194340
26   -31   183495
26   -30   183495
26   -29   183495
26   -28   183495
26   -27   183495
26   -26   183495
26   -25   183495
26   -24   183495
26   -23   176988
26   -22   176988
26   -21   176988
26   -20   176988
26   -19   176988
26   -18   176988
26   -17   176988
26   -16   176988
26   -15   176988
26   -14   176988
26   -13   176988
26   -12   176988
26   -11   176988
26   -10   176988
26   -9   176988
26   -8   176988
26   -7   168947
26   -6   168947
26   -5   168947
26   -4   168947
26   -3   168947
26   -2   168947
26   -1   168947
26   0   168947
26   1   168947
26   2   168947
26   3   168947
26   4   168947
26   5   168947
26   6   168947
26   7   168947
26   8   180220
26   9   180220
26   10   180220
26   11   180220
26   12   180220
26   13   180220
26   14   180220
26   15   180220
26   16   180220
26   17   180220
26   18   180220
26   19   180220
26   20   180220
26   21   180220
26   22   180220
26   23   180220
26   24   194340
26   25   194340
26   26   194340
26   27   194340
26   28   194340
26   29   194340
26   30   194340
26   31   194340
27   -31   183495
27   -30   183495
27   -29   183495
27   -28   183495
27   -27   183495
27   -26   183495
27   -25   183495
27   -24   183495
27   -23   176988
27   -22   176988
27   -21   176988
27   -20   176988
27   -19   176988
27   -18   176988
27   -17   176988
27   -16   176988
27   -15   176988
27   -14   176988
27   -13   176988
27   -12   176988
27   -11   176988
27   -10   176988
27   -9   176988
27   -8   176988
27   -7   168947
27   -6   168947
27   -5   168947
27   -4   168947
27   -3   168947
27   -2   168947
27   -1   168947
27   0   168947
27   1   168947
27   2   168947
27   3   168947
27   4   168947
27   5   168947
27   6   168947
27   7   168947
27   8   180220
27   9   180220
27   10   180220
27   11   180220
27   12   180220
27   13   180220
27   14   180220
27   15   180220
27   16   180220
27   17   180220
27   18   180220
27   19   180220
27   20   180220
27   21   180220
27   22   180220
27   23   180220
27   24   194340
27   25   194340
27   26   194340
27   27   194340
27   28   194340
27   29   194340
27   30   194340
27   31   194340
28   -31   183495
28   -30   183495
28   -29   183495
28   -28   183495
28   -27   183495
28   -26   183495
28   -25   183495
28   -24   183495
28   -23   176988
28   -22   176988
28   -21   176988
28   -20   176988
28   -19   176988
28   -18   176988
28   -17   176988
28   -16   176988
28   -15   176988
28   -14   176988
28   -13   176988
28   -12   176988
28   -11   176988
28   -10   176988
28   -9   176988
28   -8   176988
28   -7   168947
28   -6   168947
28   -5   168947
28   -4   168947
28   -3   168947
28   -2   168947
28   -1   168947
28   0   168947
28   1   168947
28   2   168947
28   3   168947
28   4   168947
28   5   168947
28   6   168947
28   7   168947
28   8   180220
28   9   180220
28   10   180220
28   11   180220
28   12   180220
28   13   180220
28   14   180220
28   15   180220
28   16   180220
28   17   180220
28   18   180220
28   19   180220
28   20   180220
28   21   180220
28   22   180220
28   23   180220
28   24   194340
28   25   194340
28   26   194340
28   27   194340
28   28   194340
28   29   194340
28   30   194340
28   31   194340
29   -31   183495
29   -30   183495
29   -29   183495
29   -28   183495
29   -27   183495
29   -26   183495
29   -25   183495
29   -24   183495
29   -23   176988
29   -22   176988
29   -21   176988
29   -20   176988
29   -19   176988
29   -18   176988
29   -17   176988
29   -16   176988
29   -15   176988
29   -14   176988
29   -13   176988
29   -12   176988
29   -11   176988
29   -10   176988
29   -9   176988
29   -8   176988
29   -7   168947
29   -6   168947
29   -5   168947
29   -4   168947
29   -3   168947
29   -2   168947
29   -1   168947
29   0   168947
29   1   168947
29   2   168947
29   3   168947
29   4   168947
29   5   168947
29   6   168947
29   7   168947
29   8   180220
29   9   180220
29   10   180220
29   11   180220
29   12   180220
29   13   180220
29   14   180220
29   15   180220
29   16   180220
29   17   180220
29   18   180220
29   19   180220
29   20   180220
29   21   180220
29   22   180220
29   23   180220
29   24   194340
29   25   194340
29   26   194340
29   27   194340
29   28   194340
29   29   194340
29   30   194340
29   31   194340
30   -31   183495
30   -30   183495
30   -29   183495
30   -28   183495
30   -27   183495
30   -26   183495
30   -25   183495
30   -24   183495
30   -23   176988
30   -22   176988
30   -21   176988
30   -20   176988
30   -19   176988
30   -18   176988
30   -17   176988
30   -16   176988
30   -15   176988
30   -14   176988
30   -13   176988
30   -12   176988
30   -11   176988
30   -10   176988
30   -9   176988
30   -8   176988
30   -7   168947
30   -6   168947
30   -5   168947
30   -4   168947
30   -3   168947
30   -2   168947
30   -1   168947
30   0   168947
30   1   168947
30   2   168947
30   3   168947
30   4   168947
30   5   168947
30   6   168947
30   7   168947
30   8   180220
30   9   180220
30   10   180220
30   11   180220
30   12   180220
30   13   180220
30   14   180220
30   15   180220
30   16   180220
30   17   180220
30   18   180220
30   19   180220
30   20   180220
30   21   180220
30   22   180220
30   23   180220
30   24   194340
30   25   194340
30   26   194340
30   27   194340
30   28   194340
30   29   194340
30   30   194340
30   31   194340
31   -31   183495
31   -30   183495
31   -29   183495
31   -28   183495
31   -27   183495
31   -26   183495
31   -25   183495
31   -24   183495
31   -23   176988
31   -22   176988
31   -21   176988
31   -20   176988
31   -19   176988
31   -18   176988
31   -17   176988
31   -16   176988
31   -15   176988
31   -14   176988
31   -13   176988
31   -12   176988
31   -11   176988
31   -10   176988
31   -9   176988
31   -8   176988
31   -7   168947
31   -6   168947
31   -5   168947
31   -4   168947
31   -3   168947
31   -2   168947
31   -1   168947
31   0   168947
31   1   168947
31   2   168947
31   3   168947
31   4   168947
31   5   168947
31   6   168947
31   7   168947
31   8   180220
31   9   180220
31   10   180220
31   11   180220
31   12   180220
31   13   180220
31   14   180220
31   15   180220
31   16   180220
31   17   180220
31   18   180220
31   19   180220
31   20   180220
31   21   180220
31   22   180220
31   23   180220
31   24   194340
31   25   194340
31   26   194340
31   27   194340
31   28   194340
31   29   194340
31   30   194340
31   31   194340
